4.0 -3.0 -3.5 4.0 3.0 -3.5
4.0 -3.0 -2.5 4.0 3.0 -2.5
4.0 -3.0 -1.5 4.0 3.0 -1.5
4.0 -3.0 -0.5 4.0 3.0 -0.5
4.0 -3.0 0.5 4.0 3.0 0.5
4.0 -3.0 1.5 4.0 3.0 1.5
4.0 -3.0 2.5 4.0 3.0 2.5
4.0 -3.0 3.5 4.0 3.0 3.5
4.0 -3.0 -3.5 4.0 -3.0 3.5
4.0 -2.0 -3.5 4.0 -2.0 3.5
4.0 -1.0 -3.5 4.0 -1.0 3.5
4.0 -0.0 -3.5 4.0 -0.0 3.5
4.0 1.0 -3.5 4.0 1.0 3.5
4.0 2.0 -3.5 4.0 2.0 3.5
4.0 3.0 -3.5 4.0 3.0 3.5
-4.0 -3.0 3.5 -4.0 3.0 3.5
-4.0 -3.0 2.5 -4.0 3.0 2.5
-4.0 -3.0 1.5 -4.0 3.0 1.5
-4.0 -3.0 0.5 -4.0 3.0 0.5
-4.0 -3.0 -0.5 -4.0 3.0 -0.5
-4.0 -3.0 -1.5 -4.0 3.0 -1.5
-4.0 -3.0 -2.5 -4.0 3.0 -2.5
-4.0 -3.0 -3.5 -4.0 3.0 -3.5
-4.0 -3.0 3.5 -4.0 -3.0 -3.5
-4.0 -2.0 3.5 -4.0 -2.0 -3.5
-4.0 -1.0 3.5 -4.0 -1.0 -3.5
-4.0 -0.0 3.5 -4.0 -0.0 -3.5
-4.0 1.0 3.5 -4.0 1.0 -3.5
-4.0 2.0 3.5 -4.0 2.0 -3.5
-4.0 3.0 3.5 -4.0 3.0 -3.5
